Price,Adj Close,Close,High,Low,Open,Volume
Ticker,SILA,SILA,SILA,SILA,SILA,SILA
Date,,,,,,
